[gd_scene load_steps=3 format=3 uid="uid://dgm4ah3j8jxke"]

[ext_resource type="Script" path="res://BuddyController.gd" id="1_t4p18"]

[sub_resource type="StandardMaterial3D" id="StandardMaterial3D_v2myc"]

[node name="main" type="Node3D"]

[node name="enviroment" type="Node3D" parent="."]

[node name="CSGBox3D" type="CSGBox3D" parent="enviroment"]
transform = Transform3D(1, 0, 0, 0, 1, 0, 0, 0, 1, 0, -1, 0)
size = Vector3(50, 1, 40)

[node name="MeshInstance3D" type="MeshInstance3D" parent="enviroment/CSGBox3D"]
material_override = SubResource("StandardMaterial3D_v2myc")

[node name="Camera3D" type="Camera3D" parent="."]
transform = Transform3D(1, 0, 0, 0, 0.985674, 0.168661, 0, -0.168661, 0.985674, 0, 13.5002, 35.2122)

[node name="DirectionalLight3D" type="DirectionalLight3D" parent="."]
transform = Transform3D(0.724042, -0.334004, 0.603494, 0.239855, 0.942254, 0.233725, -0.646709, -0.0244759, 0.762344, 0, 5.69105, 0.953823)
light_energy = 3.159
light_indirect_energy = 1.609

[node name="BuddyController" type="BuddyController" parent="."]
numberOfNPCs = 10
script = ExtResource("1_t4p18")

[node name="NPC" type="NPC" parent="BuddyController"]
transform = Transform3D(1, 0, 0, 0, 1, 0, 0, 0, 1, 1, 0, 1)

[node name="NPC2" type="NPC" parent="BuddyController"]
transform = Transform3D(0.0465521, -4.19591e-41, -0.998916, 0, 1, -4.20039e-41, 0.998916, 1.95481e-42, 0.0465521, -121.52, -5.10969e-39, 5.66203)

[node name="NPC3" type="NPC" parent="BuddyController"]
transform = Transform3D(0.277028, -4.78221e-41, -0.960862, 0, 1, -4.97699e-41, 0.960862, 1.37874e-41, 0.277028, 1, 0, 1)

[node name="NPC4" type="NPC" parent="BuddyController"]

[node name="NPC5" type="NPC" parent="BuddyController"]
transform = Transform3D(1, 0, 0, 0, 1, 0, 0, 0, 1, 1, 0, 1)

[node name="NPC6" type="NPC" parent="BuddyController"]
transform = Transform3D(0.0465521, -4.19591e-41, -0.998916, 0, 1, -4.20039e-41, 0.998916, 1.95481e-42, 0.0465521, -121.52, -5.10969e-39, 5.66203)

[node name="NPC7" type="NPC" parent="BuddyController"]
transform = Transform3D(0.277028, -4.78221e-41, -0.960862, 0, 1, -4.97699e-41, 0.960862, 1.37874e-41, 0.277028, 1, 0, 1)

[node name="NPC8" type="NPC" parent="BuddyController"]
