[gd_scene load_steps=3 format=3 uid="uid://dgm4ah3j8jxke"]

[sub_resource type="StandardMaterial3D" id="StandardMaterial3D_4dwmr"]
albedo_color = Color(0, 0, 0, 1)

[sub_resource type="StandardMaterial3D" id="StandardMaterial3D_v2myc"]

[node name="main" type="Node3D"]

[node name="enviroment" type="Node3D" parent="."]

[node name="CSGBox3D" type="CSGBox3D" parent="enviroment"]
transform = Transform3D(1, 0, 0, 0, 1, 0, 0, 0, 1, 0, -1, 0)
material_override = SubResource("StandardMaterial3D_4dwmr")
size = Vector3(200, 1, 200)

[node name="MeshInstance3D" type="MeshInstance3D" parent="enviroment/CSGBox3D"]
material_override = SubResource("StandardMaterial3D_v2myc")

[node name="Camera3D" type="Camera3D" parent="."]
transform = Transform3D(1, 0, 0, 0, 0.905991, 0.423298, 0, -0.423298, 0.905991, 0, 18.9179, 51.1436)

[node name="DirectionalLight3D" type="DirectionalLight3D" parent="."]
transform = Transform3D(0.724042, -0.334004, 0.603494, 0.239855, 0.942254, 0.233725, -0.646709, -0.0244759, 0.762344, 0, 5.69105, 0.953823)
light_energy = 3.159
light_indirect_energy = 1.609

[node name="NPC" type="NPC" parent="."]
transform = Transform3D(-0.464786, 0, 0.885423, 0, 1, 0, -0.885423, 0, -0.464786, 0, 0, 0)
